7-day Comparison: Loop vs Adaptive (All Patients)
==========================================================================================
Total patients: 30
Patients: adolescent#001, adolescent#002, adolescent#003, adolescent#004, adolescent#005, adolescent#006, adolescent#007, adolescent#008, adolescent#009, adolescent#010, adult#001, adult#002, adult#003, adult#004, adult#005, adult#006, adult#007, adult#008, adult#009, adult#010, child#001, child#002, child#003, child#004, child#005, child#006, child#007, child#008, child#009, child#010

Aggregate means:
Loop      TIR=85.90%  TAR=10.84%  TBR=3.26%  Risk Index=4.1856
Adaptive  TIR=86.51%  TAR=10.26%  TBR=3.23%  Risk Index=4.0517
Delta (Adaptive-Loop): TIR=+0.62%  TAR=-0.59%  TBR=-0.03%  Risk Index=-0.1339

Per-patient metrics:
                Loop_TIR  Loop_TAR  Loop_TBR  Loop_RiskIndex  Adaptive_TIR  Adaptive_TAR  Adaptive_TBR  Adaptive_RiskIndex  Delta_TIR  Delta_TAR  Delta_TBR  Delta_RiskIndex
adolescent#001  100.0000    0.0000    0.0000          0.4655      100.0000        0.0000        0.0000              0.2573     0.0000     0.0000     0.0000          -0.2083
adolescent#002   65.3941   28.5573    6.0486          6.4924       65.3941       28.5573        6.0486              6.4798     0.0000     0.0000     0.0000          -0.0126
adolescent#003   92.0178    7.9822    0.0000          2.3117       93.8027        6.1973        0.0000              2.0178     1.7848    -1.7848     0.0000          -0.2939
adolescent#004   86.8121   13.1879    0.0000          3.1172       88.2995       11.7005        0.0000              2.8568     1.4874    -1.4874     0.0000          -0.2604
adolescent#005   73.9712   26.0288    0.0000          4.9119       74.6158       25.3842        0.0000              4.8474     0.6445    -0.6445     0.0000          -0.0645
adolescent#006   96.6782    3.3218    0.0000          1.3081       97.4715        2.5285        0.0000              1.2217     0.7933    -0.7933     0.0000          -0.0864
adolescent#007   65.2950   34.7050    0.0000          7.4860       65.3941       34.4075        0.1983              7.4601     0.0992    -0.2975     0.1983          -0.0259
adolescent#008   70.8974   28.6068    0.4958          6.4434       70.8974       28.5077        0.5949              6.3963     0.0000    -0.0992     0.0992          -0.0471
adolescent#009   89.3902   10.6098    0.0000          2.6138       92.1170        7.8830        0.0000              2.3691     2.7268    -2.7268     0.0000          -0.2447
adolescent#010  100.0000    0.0000    0.0000          1.3522       99.6034        0.3966        0.0000              1.1966    -0.3966     0.3966     0.0000          -0.1556
adult#001        93.5548    6.4452    0.0000          2.3115       94.6951        5.3049        0.0000              2.0437     1.1403    -1.1403     0.0000          -0.2677
adult#002       100.0000    0.0000    0.0000          0.8838      100.0000        0.0000        0.0000              0.7883     0.0000     0.0000     0.0000          -0.0955
adult#003        97.9673    2.0327    0.0000          1.4113       99.1572        0.8428        0.0000              1.1614     1.1899    -1.1899     0.0000          -0.2499
adult#004        90.5801    9.4199    0.0000          1.9692       92.4641        7.5359        0.0000              1.7046     1.8840    -1.8840     0.0000          -0.2646
adult#005        97.0749    2.9251    0.0000          1.3674       98.8597        1.1403        0.0000              1.1564     1.7848    -1.7848     0.0000          -0.2110
adult#006        98.7605    1.2395    0.0000          1.9630       97.6202        2.3798        0.0000              1.6820    -1.1403     1.1403     0.0000          -0.2810
adult#007       100.0000    0.0000    0.0000          1.3591      100.0000        0.0000        0.0000              0.9154     0.0000     0.0000     0.0000          -0.4437
adult#008       100.0000    0.0000    0.0000          0.8578      100.0000        0.0000        0.0000              0.6651     0.0000     0.0000     0.0000          -0.1927
adult#009        77.6401   10.7586   11.6014          4.5804       77.4913        9.6182       12.8904              4.7649    -0.1487    -1.1403     1.2890           0.1845
adult#010        91.7204    8.2796    0.0000          2.6398       92.8607        7.1393        0.0000              2.4239     1.1403    -1.1403     0.0000          -0.2159
child#001        75.0620   13.9812   10.9569          5.8483       76.8964       13.5350        9.5687              5.6197     1.8344    -0.4462    -1.3882          -0.2286
child#002        94.0506    5.1562    0.7933          2.5171       96.0337        2.9251        1.0412              2.4630     1.9831    -2.2310     0.2479          -0.0540
child#003        66.1874   21.6658   12.1468          7.6941       67.7739       22.0625       10.1636              7.5813     1.5865     0.3966    -1.9831          -0.1128
child#004        90.6296    2.7268    6.6435          3.0243       90.8280        2.7268        6.4452              3.0937     0.1983     0.0000    -0.1983           0.0694
child#005        87.7045    1.0907   11.2048          3.6152       87.5062        1.0412       11.4527              3.5824    -0.1983    -0.0496     0.2479          -0.0328
child#006        80.2677   17.2533    2.4789          4.4633       80.2181       17.1046        2.6772              4.3338    -0.0496    -0.1487     0.1983          -0.1294
child#007        97.8185    0.4462    1.7353          1.5915       96.8765        0.3966        2.7268              1.7030    -0.9420    -0.0496     0.9916           0.1116
child#008        34.9033   37.0848   28.0119         31.7320       35.1016       37.0352       27.8632             31.5401     0.1983    -0.0496    -0.1487          -0.1918
child#009        92.0674    7.9326    0.0000          1.7499       92.4145        7.5855        0.0000              1.8507     0.3471    -0.3471     0.0000           0.1008
child#010        70.4512   23.8473    5.7015          7.4873       71.0461       23.7481        5.2058              7.3748     0.5949    -0.0992    -0.4958          -0.1124

Saved outputs:
- Loop folder: C:\Users\sigridtt\Documents\project\simglucose\examples\results\all_patients_7days_compared\loop
- Adaptive folder: C:\Users\sigridtt\Documents\project\simglucose\examples\results\all_patients_7days_compared\adaptive
- Combined CSV: C:\Users\sigridtt\Documents\project\simglucose\examples\results\all_patients_7days_compared\combined_metrics.csv
- TIR plot: C:\Users\sigridtt\Documents\project\simglucose\examples\results\all_patients_7days_compared\tir_before_after_all_patients.png
